version: 2
camera_info_by_serial:
  "25415248":
    camera_name: "camera0"
    frame_id: "camera0_optical_frame"
    camera_info:
      distortion_model: "plumb_bob"
      d: [-0.3289904488, 0.1199991501, -0.0000014395, -0.0003078199, -0.0209785107]
      k: [1053.3332736307, 0.0000000000, 960.0112363271, 0.0000000000, 1052.0620896726, 593.4663617270, 0.0000000000, 0.0000000000, 1.0000000000]
      r: [1.0000000000, 0.0000000000, 0.0000000000, 0.0000000000, 1.0000000000, 0.0000000000, 0.0000000000, 0.0000000000, 1.0000000000]
      p: [1053.3332736307, 0.0000000000, 960.0112363271, 0.0000000000, 0.0000000000, 1052.0620896726, 593.4663617270, 0.0000000000, 0.0000000000, 0.0000000000, 1.0000000000, 0.0000000000]
      binning_x: 0
      binning_y: 0
      roi:
        x_offset: 0
        y_offset: 0
        height: 0
        width: 0
        do_rectify: false
    calibration:
      generated_at_utc: "2026-05-09T09:59:14Z"
      image_width: 1920
      image_height: 1200
      board_cols: 6
      board_rows: 5
      square_size_m: 0.0800000000
      captured_frames: 40
      rms_reprojection_error: 0.7535994533
      mean_reprojection_error: 0.7535989970
  "25415255":
    camera_name: "camera1"
    frame_id: "camera1_optical_frame"
    camera_info:
      distortion_model: "plumb_bob"
      d: [-0.3289328934, 0.1190548675, -0.0000593804, 0.0000328772, -0.0202508945]
      k: [1050.6517213203, 0.0000000000, 968.5204636113, 0.0000000000, 1049.3216825333, 586.2131279767, 0.0000000000, 0.0000000000, 1.0000000000]
      r: [1.0000000000, 0.0000000000, 0.0000000000, 0.0000000000, 1.0000000000, 0.0000000000, 0.0000000000, 0.0000000000, 1.0000000000]
      p: [1050.6517213203, 0.0000000000, 968.5204636113, 0.0000000000, 0.0000000000, 1049.3216825333, 586.2131279767, 0.0000000000, 0.0000000000, 0.0000000000, 1.0000000000, 0.0000000000]
      binning_x: 0
      binning_y: 0
      roi:
        x_offset: 0
        y_offset: 0
        height: 0
        width: 0
        do_rectify: false
    calibration:
      generated_at_utc: "2026-05-09T10:02:01Z"
      image_width: 1920
      image_height: 1200
      board_cols: 6
      board_rows: 5
      square_size_m: 0.0800000000
      captured_frames: 42
      rms_reprojection_error: 0.6339688640
      mean_reprojection_error: 0.6339684078
