version: 2
camera_info_by_serial:
  "25415248":
    camera_name: "camera0"
    frame_id: "camera0_optical_frame"
    camera_info:
      distortion_model: "plumb_bob"
      d: [-0.3278882638, 0.1138151379, -0.0012449673, -0.0000987319, -0.0179377829]
      k: [1045.6207934842, 0.0000000000, 956.9038787531, 0.0000000000, 1044.1356772502, 611.5438313647, 0.0000000000, 0.0000000000, 1.0000000000]
      r: [1.0000000000, 0.0000000000, 0.0000000000, 0.0000000000, 1.0000000000, 0.0000000000, 0.0000000000, 0.0000000000, 1.0000000000]
      p: [1045.6207934842, 0.0000000000, 956.9038787531, 0.0000000000, 0.0000000000, 1044.1356772502, 611.5438313647, 0.0000000000, 0.0000000000, 0.0000000000, 1.0000000000, 0.0000000000]
      binning_x: 0
      binning_y: 0
      roi:
        x_offset: 0
        y_offset: 0
        height: 0
        width: 0
        do_rectify: false
    calibration:
      generated_at_utc: "2026-05-12T07:01:24Z"
      image_width: 1920
      image_height: 1200
      board_cols: 6
      board_rows: 5
      square_size_m: 0.0800000000
      captured_frames: 52
      rms_reprojection_error: 0.7770512727
      mean_reprojection_error: 0.7770508900
  "25415255":
    camera_name: "camera1"
    frame_id: "camera1_optical_frame"
    camera_info:
      distortion_model: "plumb_bob"
      d: [-0.3142717706, 0.1037333162, -0.0005336169, 0.0005188167, -0.0153724651]
      k: [1036.8921389674, 0.0000000000, 951.8852014311, 0.0000000000, 1036.7854146232, 590.2661533327, 0.0000000000, 0.0000000000, 1.0000000000]
      r: [1.0000000000, 0.0000000000, 0.0000000000, 0.0000000000, 1.0000000000, 0.0000000000, 0.0000000000, 0.0000000000, 1.0000000000]
      p: [1036.8921389674, 0.0000000000, 951.8852014311, 0.0000000000, 0.0000000000, 1036.7854146232, 590.2661533327, 0.0000000000, 0.0000000000, 0.0000000000, 1.0000000000, 0.0000000000]
      binning_x: 0
      binning_y: 0
      roi:
        x_offset: 0
        y_offset: 0
        height: 0
        width: 0
        do_rectify: false
    calibration:
      generated_at_utc: "2026-05-12T07:12:32Z"
      image_width: 1920
      image_height: 1200
      board_cols: 6
      board_rows: 5
      square_size_m: 0.0800000000
      captured_frames: 37
      rms_reprojection_error: 0.8417956461
      mean_reprojection_error: 0.8417961826
  "25415251":
    camera_name: "camera2"
    frame_id: "camera2_optical_frame"
    camera_info:
      distortion_model: "plumb_bob"
      d: [-0.3627900756, 0.1606943834, -0.0002290486, 0.0007408121, -0.0356124265]
      k: [1056.0286974033, 0.0000000000, 984.8686203026, 0.0000000000, 1053.0886293279, 598.4894613051, 0.0000000000, 0.0000000000, 1.0000000000]
      r: [1.0000000000, 0.0000000000, 0.0000000000, 0.0000000000, 1.0000000000, 0.0000000000, 0.0000000000, 0.0000000000, 1.0000000000]
      p: [1056.0286974033, 0.0000000000, 984.8686203026, 0.0000000000, 0.0000000000, 1053.0886293279, 598.4894613051, 0.0000000000, 0.0000000000, 0.0000000000, 1.0000000000, 0.0000000000]
      binning_x: 0
      binning_y: 0
      roi:
        x_offset: 0
        y_offset: 0
        height: 0
        width: 0
        do_rectify: false
    calibration:
      generated_at_utc: "2026-05-12T07:08:14Z"
      image_width: 1920
      image_height: 1200
      board_cols: 6
      board_rows: 5
      square_size_m: 0.0800000000
      captured_frames: 35
      rms_reprojection_error: 0.7813196295
      mean_reprojection_error: 0.7813182093
